0.482225 -0.875762 0.0223431 0.687687 0.876012 0.482277 -0.00335446 0.551613 -0.00783787 0.0211904 0.999745 0.786409
0.481369 -0.876219 0.0229086 1.1125 0.876486 0.48141 -0.00401962 1.32255 -0.00750639 0.022014 0.999729 0.789278
0.479974 -0.877058 0.0198557 1.52944 0.877267 0.479978 -0.00486298 2.10381 -0.00526519 0.0197529 0.999791 0.794349
0.478942 -0.877666 0.0178155 1.9424 0.877842 0.478909 -0.00637382 2.86382 -0.00293793 0.0186919 0.999821 0.795519
0.477462 -0.878549 0.0134722 2.3651 0.878651 0.477436 -0.00526802 3.65853 -0.0018039 0.0143526 0.999895 0.796161
0.476429 -0.879133 0.0118261 2.76957 0.879211 0.476412 -0.00442521 4.43473 -0.00174375 0.0125059 0.99992 0.797908
0.475139 -0.879819 0.0127022 3.20296 0.879905 0.475137 -0.00333866 5.23362 -0.00309788 0.0127631 0.999914 0.80075
0.473935 -0.880457 0.0134965 3.62586 0.880549 0.47395 -0.00225326 6.0421 -0.00441274 0.0129522 0.999906 0.804365
0.473358 -0.880751 0.0144741 4.05794 0.880861 0.473366 -0.0030729 6.84078 -0.00414509 0.0142043 0.999891 0.813757
0.471269 -0.881873 0.014331 4.48267 0.881981 0.471275 -0.00313367 7.64806 -0.00399032 0.0141164 0.999892 0.812394
0.471066 -0.881974 0.0148095 4.89956 0.882094 0.471049 -0.00488335 8.44904 -0.00266902 0.0153638 0.999878 0.769697
0.470268 -0.882358 0.0170981 5.3315 0.882514 0.470264 -0.00450367 9.25494 -0.00406676 0.0172072 0.999844 0.753064
0.470199 -0.882401 0.0167677 5.77012 0.882538 0.470237 -0.00185778 10.1136 -0.00624551 0.0156717 0.999858 0.759601
0.471004 -0.881938 0.0184486 6.21311 0.882074 0.471108 0.00150455 10.9455 -0.0100182 0.0155644 0.999829 0.765354
0.471914 -0.881375 0.0217973 6.65189 0.881551 0.472079 0.0028848 11.7691 -0.0128326 0.017854 0.999758 0.751935
0.473264 -0.880612 0.0233135 7.10432 0.880807 0.473462 0.00351086 12.619 -0.0141297 0.0188731 0.999722 0.73752
0.475217 -0.879562 0.023247 7.51425 0.879786 0.475369 0.00118263 13.4256 -0.0120911 0.0198903 0.999729 0.750235
0.47597 -0.879205 0.0212511 7.97248 0.879426 0.476028 -0.00254738 14.266 -0.00787644 0.0199012 0.999771 0.753646
0.477263 -0.878552 0.0191474 8.43459 0.878748 0.477257 -0.0052048 15.1012 -0.00456552 0.0193098 0.999803 0.742786
0.477873 -0.878183 0.0207999 8.88123 0.878416 0.477861 -0.0058656 15.9573 -0.00478836 0.0210739 0.999766 0.736148
0.478057 -0.87807 0.0213258 9.34307 0.878282 0.478141 -0.00127493 16.8204 -0.00907727 0.0193396 0.999772 0.747023
0.47656 -0.878699 0.0279161 9.79313 0.879042 0.476744 -6.77719e-05 17.6569 -0.0132493 0.0245717 0.99961 0.713804
0.475597 -0.878844 0.0379473 10.3019 0.879564 0.475749 -0.00548855 18.5451 -0.0132298 0.0359874 0.999265 0.709665
0.474869 -0.879232 0.0380844 10.7778 0.880003 0.474873 -0.00953149 19.4464 -0.00970483 0.0380405 0.999229 0.718662
0.473797 -0.879951 0.0346682 11.2555 0.880612 0.473693 -0.0116782 20.3342 -0.00614583 0.0360623 0.999331 0.739927
0.47187 -0.881116 0.0311916 11.702 0.881655 0.47176 -0.0112568 21.1871 -0.0047964 0.032812 0.99945 0.74001
0.470492 -0.881871 0.0306647 12.164 0.882385 0.470425 -0.00980831 22.0589 -0.00577577 0.0316728 0.999482 0.73196
0.469894 -0.882174 0.0311248 12.6367 0.882681 0.469922 -0.00686262 22.9764 -0.00857219 0.030698 0.999492 0.699033
0.469211 -0.882606 0.0291275 13.0844 0.883031 0.469295 -0.00432068 23.8436 -0.0098559 0.0277478 0.999566 0.711094
0.46838 -0.882986 0.0309227 13.5532 0.883435 0.46855 -0.00193987 24.7291 -0.0127759 0.0282268 0.99952 0.709785
0.467295 -0.883502 0.0325631 14.0255 0.883963 0.467556 0.000464821 25.6068 -0.0156357 0.0285674 0.99947 0.694631
0.467509 -0.883442 0.0310847 14.4732 0.883802 0.467843 0.00410491 26.4739 -0.0181692 0.0255536 0.999508 0.677334
0.467469 -0.883511 0.0296887 14.9289 0.883822 0.467798 0.00491582 27.3834 -0.0182315 0.0239415 0.999547 0.668085
0.46738 -0.883501 0.031333 15.4336 0.883905 0.467663 0.00195923 28.3113 -0.0163843 0.0267797 0.999507 0.662042
0.467654 -0.883371 0.0309072 15.8817 0.883798 0.467869 -0.00029179 29.2017 -0.0142028 0.0274521 0.999522 0.629566
0.467209 -0.883707 0.0279042 16.3209 0.884042 0.467408 0.000695809 30.0488 -0.0136575 0.0243434 0.99961 0.646642
0.466358 -0.884214 0.0260142 16.7865 0.884476 0.466578 0.00277202 30.9022 -0.0145887 0.0217161 0.999658 0.643922
0.46522 -0.88477 0.027438 17.2502 0.885061 0.465465 0.00294661 31.8037 -0.0153785 0.0229135 0.999619 0.633349
0.465531 -0.884475 0.0313809 17.6858 0.884934 0.465713 -0.00168011 32.6416 -0.0131285 0.0285522 0.999506 0.622863
0.465304 -0.884654 0.0296649 18.1259 0.885099 0.465377 -0.00481584 33.5087 -0.00954504 0.0284972 0.999548 0.60969
0.464338 -0.885307 0.024941 18.5745 0.885624 0.464384 -0.00427876 34.3921 -0.00779417 0.0240751 0.99968 0.635442
0.46383 -0.885614 0.0234267 19.0403 0.885865 0.463942 -0.000719343 35.2587 -0.0102316 0.0210866 0.999725 0.648111
0.463755 -0.885577 0.0261486 19.496 0.885858 0.463953 0.00170807 36.0978 -0.0136443 0.0223718 0.999657 0.637407
0.463439 -0.885709 0.0272707 19.9515 0.886011 0.463659 0.00203239 36.9629 -0.0144444 0.0232202 0.999626 0.632703
0.463081 -0.885866 0.0282392 20.3801 0.88622 0.463265 1.50936e-07 37.8233 -0.0130824 0.0250261 0.999601 0.638833
0.462777 -0.885989 0.0293422 20.8266 0.886396 0.462923 -0.00201856 38.6437 -0.0117948 0.0269429 0.999567 0.643671
0.462173 -0.886396 0.0264254 21.2618 0.886692 0.462359 0.00107055 39.4678 -0.0131669 0.0229364 0.99965 0.644563
0.461718 -0.8865 0.0305514 21.6957 0.886879 0.461995 0.00229981 40.3231 -0.0161534 0.0260335 0.999531 0.632449
0.460733 -0.886755 0.0373004 22.1662 0.88729 0.461191 0.00426677 41.2022 -0.0209862 0.0311305 0.999295 0.626417
0.460516 -0.886835 0.0380712 22.6056 0.887336 0.461072 0.0068823 42.0968 -0.023657 0.0306125 0.999251 0.596518
0.45992 -0.887136 0.0382477 23.0254 0.887716 0.460377 0.00362431 42.9492 -0.0208236 0.0322862 0.999262 0.598089
0.458555 -0.888003 0.0343335 23.4265 0.888552 0.458773 -0.00170115 43.7353 -0.0142407 0.0312872 0.999409 0.596592
0.457737 -0.888562 0.0305758 23.8623 0.889037 0.457806 -0.0050965 44.5732 -0.00946924 0.0295159 0.999519 0.603683
0.456539 -0.889358 0.0247958 24.2634 0.889655 0.456629 -0.00224763 45.3839 -0.00932353 0.0230858 0.99969 0.588428
0.456078 -0.889707 0.0203599 24.6692 0.889867 0.456214 0.00231805 46.1635 -0.0113509 0.0170604 0.99979 0.582347
0.454662 -0.89036 0.0232496 25.064 0.890576 0.45483 0.00222232 46.9832 -0.0125533 0.0196951 0.999727 0.593085
0.453949 -0.890741 0.0225862 25.4607 0.890941 0.454113 0.00246405 47.7657 -0.0124515 0.0190044 0.999742 0.591607
0.452622 -0.891446 0.0213694 25.8386 0.891605 0.452797 0.00394101 48.5392 -0.0131892 0.0172693 0.999764 0.589428
0.451702 -0.891859 0.0235165 26.2171 0.892062 0.451899 0.00354564 49.3067 -0.0137893 0.0193766 0.999717 0.597338
0.450654 -0.892381 0.0237995 26.586 0.892586 0.450861 0.00389027 50.0381 -0.0142019 0.0194899 0.999709 0.597878
0.448824 -0.893392 0.0201885 26.9467 0.893485 0.449034 0.0072022 50.7253 -0.0154997 0.0148056 0.99977 0.598065
0.447945 -0.893885 0.0177376 27.3118 0.893886 0.448162 0.0109006 51.4694 -0.0176932 0.0109725 0.999783 0.586929
0.446424 -0.89465 0.0175426 27.6422 0.89456 0.446682 0.015414 52.1422 -0.0216261 0.00881169 0.999727 0.569738
0.444942 -0.895398 0.0170105 27.9877 0.895263 0.445203 0.0172502 52.8603 -0.0230189 0.00755353 0.999707 0.562485
0.443359 -0.896182 0.0170579 28.3264 0.896112 0.443597 0.0143108 53.5462 -0.0203919 0.00894099 0.999752 0.578545
0.44315 -0.896297 0.0164164 28.6469 0.896337 0.443309 0.00755645 54.2255 -0.0140504 0.011366 0.999837 0.571856
0.441554 -0.897159 0.0116354 28.9538 0.897202 0.441612 0.00279852 54.8681 -0.00764905 0.00920363 0.999928 0.574764
0.441458 -0.89725 0.00757138 29.2634 0.897263 0.441488 0.00277665 55.4902 -0.00583402 0.00556774 0.999967 0.5705
0.440535 -0.89771 0.0067905 29.556 0.897695 0.440574 0.00613973 56.1106 -0.00850341 0.00339103 0.999958 0.584529
0.439824 -0.898043 0.00853186 29.8421 0.898019 0.439886 0.00781586 56.7165 -0.010772 0.00422417 0.999933 0.588195
0.438488 -0.898682 0.00994466 30.1147 0.898695 0.438547 0.0048088 57.2815 -0.00868279 0.00682862 0.999939 0.589692
0.43904 -0.898384 0.0122341 30.3842 0.898461 0.439049 -0.00205152 57.7985 -0.00352829 0.0118925 0.999923 0.58814
0.439583 -0.898095 0.0138976 30.6617 0.898202 0.439531 -0.00674957 58.3246 -4.66486e-05 0.0154498 0.999881 0.591016
0.442636 -0.896609 0.0128558 30.9104 0.896701 0.442568 -0.00788061 58.8656 0.00137627 0.0150161 0.999886 0.588119
0.445947 -0.895009 0.00947949 31.1641 0.895059 0.445933 -0.00361982 59.3962 -0.000987443 0.0100989 0.999949 0.585971
0.450477 -0.892715 0.0114271 31.4087 0.892781 0.450488 -0.00174496 59.8761 -0.00359 0.0109879 0.999933 0.594211
0.455905 -0.889888 0.0157995 31.6519 0.889998 0.455964 0.000161779 60.3528 -0.00734797 0.0139878 0.999875 0.622966
0.46214 -0.886522 0.0224523 31.9307 0.886735 0.462277 0.0010146 60.8717 -0.0112786 0.0194403 0.999747 0.637503
0.471343 -0.881715 0.0203435 32.1692 0.881863 0.471495 0.00315091 61.2937 -0.01237 0.016455 0.999788 0.659393
0.48412 -0.87484 0.0168396 32.3757 0.87492 0.484248 0.00431085 61.7426 -0.0119258 0.0126463 0.999849 0.664943
0.499804 -0.866033 0.0135455 32.6116 0.866048 0.499917 0.00662991 62.174 -0.0125133 0.00841739 0.999886 0.654588
0.518643 -0.854879 0.0138411 32.8814 0.854881 0.518768 0.00765997 62.5783 -0.0137287 0.0078597 0.999875 0.643928
0.539995 -0.841489 0.0173795 33.1572 0.841533 0.540163 0.0067735 62.953 -0.0150876 0.0109678 0.999826 0.640495
0.564749 -0.825016 0.0201518 33.3924 0.825062 0.564982 0.00825243 63.3021 -0.0181938 0.011966 0.999763 0.648671
0.591302 -0.806174 0.021096 33.6442 0.806182 0.591578 0.0103078 63.622 -0.0207898 0.0109122 0.999724 0.659405
0.621756 -0.782896 0.022196 33.9404 0.782908 0.622054 0.0101615 63.9536 -0.0217625 0.0110595 0.999702 0.64321
0.653214 -0.756856 0.0219079 34.2503 0.756825 0.653518 0.0114188 64.2906 -0.0229596 0.00912149 0.999695 0.648789
0.687411 -0.725921 0.0224797 34.524 0.72587 0.68773 0.0118432 64.5903 -0.0240572 0.00817621 0.999677 0.634699
0.722548 -0.690963 0.022227 34.8115 0.690908 0.722854 0.0113344 64.8586 -0.0238986 0.00716719 0.999689 0.625778
0.758609 -0.651198 0.0213065 35.1281 0.651136 0.758886 0.0106834 65.106 -0.0231262 0.00576885 0.999716 0.635212
0.79622 -0.604699 0.0193075 35.4045 0.604633 0.796444 0.00973258 65.3143 -0.0212626 0.0039247 0.999766 0.625676
0.831896 -0.554625 0.0184517 35.732 0.55454 0.832098 0.00991437 65.5713 -0.0208524 0.0019845 0.999781 0.627851
0.865619 -0.500375 0.0181156 36.0589 0.500296 0.865808 0.00902484 65.708 -0.0202005 0.0012511 0.999795 0.606722
0.89645 -0.442762 0.018432 36.4049 0.44271 0.896637 0.00703677 65.8848 -0.0196424 0.00185189 0.999805 0.601681
0.923311 -0.383633 0.0179471 36.7493 0.383582 0.923485 0.00633315 65.998 -0.0190035 0.00103671 0.999819 0.605102
0.94595 -0.323736 0.0193163 37.136 0.323666 0.946148 0.00670652 66.1268 -0.0204472 -9.19863e-05 0.999791 0.633846
0.964513 -0.26311 0.0220692 37.4886 0.262995 0.964764 0.00800898 66.1885 -0.0233989 -0.00192066 0.999724 0.618523
0.979073 -0.202133 0.0236536 37.8907 0.201988 0.979352 0.00837788 66.238 -0.0248586 -0.00342481 0.999685 0.601657
0.989572 -0.142246 0.0226794 38.2885 0.142141 0.989827 0.00617047 66.2686 -0.0233264 -0.00288244 0.999724 0.576399
0.996263 -0.0835598 0.0218705 38.6695 0.083519 0.996502 0.0027742 66.2715 -0.0220258 -0.000937232 0.999757 0.58171
0.999376 -0.0270307 0.0227148 39.0286 0.0269658 0.999631 0.00315811 66.2714 -0.0227918 -0.00254361 0.999737 0.598195
0.99936 0.0277278 0.022616 39.417 -0.0278777 0.999591 0.00633994 66.2663 -0.022431 -0.00696637 0.999724 0.595611
0.996621 0.0790332 0.0223712 39.8361 -0.0792153 0.99683 0.00737419 66.2289 -0.0217175 -0.00912142 0.999723 0.562514
0.991841 0.125981 0.0195163 40.241 -0.126054 0.99202 0.00253692 66.1913 -0.019041 -0.00497633 0.999806 0.535105
0.985409 0.169145 0.0189208 40.6101 -0.169014 0.985578 -0.00835751 66.0862 -0.0200616 0.00503769 0.999786 0.548183
0.978175 0.206595 0.0221971 41.0241 -0.206266 0.978361 -0.0162452 65.971 -0.025073 0.0113122 0.999622 0.559435
0.970458 0.240344 0.0211234 41.3692 -0.240119 0.970661 -0.0126596 65.8913 -0.0235463 0.00721351 0.999697 0.593394
0.962021 0.272267 0.0196824 41.7749 -0.272269 0.962218 -0.00263287 65.7969 -0.0196556 -0.00282602 0.999803 0.617854
0.953692 0.300219 0.0184217 42.1858 -0.300326 0.953831 0.00327856 65.7076 -0.0165869 -0.00865926 0.999825 0.57715
0.945381 0.325588 0.0157418 42.5556 -0.325673 0.945477 0.00311041 65.5714 -0.0138708 -0.00806721 0.999871 0.568396
0.937064 0.34895 0.0120457 42.9213 -0.348961 0.937136 -0.00127887 65.4019 -0.0117347 -0.0030051 0.999927 0.549385
0.92922 0.36949 0.00518938 43.311 -0.369467 0.929231 -0.00493569 65.2079 -0.00664582 0.00266904 0.999974 0.542266
0.921558 0.388235 -0.00215272 43.6911 -0.38824 0.921551 -0.00363088 65.0393 0.000574204 0.00418184 0.999991 0.54047
0.914523 0.404529 -0.00180546 44.0985 -0.404529 0.914525 0.000323501 64.8903 0.001782 0.000434511 0.999998 0.550402
0.908162 0.418615 0.00179204 44.5359 -0.418616 0.908163 0.000172051 64.7123 -0.00155544 -0.000906426 0.999998 0.541528
0.90176 0.432205 0.00527279 44.958 -0.432206 0.901774 -0.000837893 64.5264 -0.00511701 -0.00152336 0.999986 0.552492
0.895863 0.444268 0.0074844 45.3671 -0.444264 0.895893 -0.00221405 64.2609 -0.00768885 -0.00134157 0.99997 0.552719
0.890946 0.454065 0.00635524 45.8314 -0.454029 0.890964 -0.00630532 64.0122 -0.00852532 0.00273224 0.99996 0.545251
0.886224 0.463243 0.00362157 46.2655 -0.463194 0.886205 -0.00963215 63.7732 -0.00767149 0.00685875 0.999947 0.545335
0.882682 0.469965 0.00227789 46.7528 -0.469931 0.882661 -0.00867266 63.5112 -0.00608644 0.00658476 0.99996 0.542004
0.879871 0.47521 0.00139365 47.2403 -0.475172 0.879831 -0.0104548 63.2475 -0.00619441 0.00853666 0.999944 0.545281
0.877009 0.480473 -0.000601 47.7247 -0.480434 0.876921 -0.0139132 62.9685 -0.0061579 0.0124908 0.999903 0.546594
0.874276 0.485427 -0.00140453 48.2465 -0.485398 0.874185 -0.0137621 62.722 -0.00545268 0.0127136 0.999904 0.535702
0.872387 0.488814 -0.00139633 48.7659 -0.488781 0.872288 -0.014353 62.4153 -0.00579792 0.0132038 0.999896 0.528254
0.871002 0.491269 -0.00317065 49.3133 -0.491251 0.870863 -0.0164699 62.0989 -0.00532998 0.0159029 0.999859 0.534977
0.869373 0.494147 -0.0029774 49.8671 -0.494123 0.869229 -0.016857 61.7729 -0.00574182 0.0161263 0.999853 0.534886
0.868197 0.496208 -0.00344281 50.4578 -0.496188 0.868043 -0.0173094 61.4388 -0.00560053 0.0167362 0.999844 0.538863
0.867814 0.496848 -0.0064245 51.0353 -0.496857 0.867537 -0.0226369 61.087 -0.00567361 0.0228367 0.999723 0.532865
0.868411 0.495795 -0.00708189 51.6219 -0.49581 0.86809 -0.0243261 60.728 -0.00591305 0.0246364 0.999679 0.522266
0.869836 0.493261 -0.00886329 52.2547 -0.493301 0.869398 -0.0283125 60.3674 -0.00625975 0.0289995 0.99956 0.520219
0.871977 0.489423 -0.0110579 52.8865 -0.489514 0.871433 -0.031321 60.0219 -0.00569296 0.0327242 0.999448 0.512318
0.874223 0.485427 -0.00977172 53.5517 -0.485484 0.873707 -0.030696 59.6518 -0.00636307 0.0315792 0.999481 0.516914
0.875523 0.483106 -0.00828701 54.206 -0.483136 0.875095 -0.0280639 59.2794 -0.00630591 0.0285743 0.999572 0.505777
0.87751 0.479452 -0.0100721 54.9022 -0.479509 0.876928 -0.0326977 58.9176 -0.00684446 0.0335222 0.999415 0.484163
0.879701 0.475483 -0.00647496 55.5901 -0.47544 0.879198 -0.0310885 58.5743 -0.0090893 0.0304271 0.999496 0.498243
0.881395 0.47236 -0.00435927 56.2818 -0.47228 0.880978 -0.0287963 58.2074 -0.00976182 0.0274397 0.999576 0.501657
0.883566 0.468283 -0.00465353 57.0194 -0.468209 0.883138 -0.0291082 57.8483 -0.00952115 0.0278978 0.999565 0.488249
0.884651 0.466222 -0.00542527 57.7327 -0.466215 0.884369 -0.0231177 57.4721 -0.00598004 0.0229805 0.999718 0.500735
0.88542 0.46472 -0.00819763 58.476 -0.46479 0.885219 -0.0189046 57.0949 -0.00152865 0.0205487 0.999788 0.503133
0.885692 0.464214 -0.00734778 59.1758 -0.464272 0.885583 -0.0139366 56.7468 3.7489e-05 0.0157549 0.999876 0.519086
0.885787 0.464042 -0.00686874 59.9396 -0.464093 0.885704 -0.0121244 56.3703 0.000457447 0.0139273 0.999903 0.502637
0.885875 0.463889 -0.00574387 60.6615 -0.463923 0.885774 -0.0134116 56.0051 -0.00113374 0.0145458 0.999894 0.519011
0.885726 0.464185 -0.00473079 61.3699 -0.464204 0.88562 -0.0138838 55.6302 -0.00225497 0.0144933 0.999892 0.526559
0.886069 0.463528 -0.00487912 62.1168 -0.463551 0.885979 -0.0127308 55.2363 -0.00157827 0.0135421 0.999907 0.530393
0.886371 0.462964 -0.00316491 62.8605 -0.462971 0.886313 -0.0103403 54.8753 -0.0019821 0.0106306 0.999942 0.548683
0.88594 0.463797 -0.00162436 63.602 -0.463796 0.885913 -0.00718046 54.4845 -0.00189124 0.00711482 0.999973 0.543128
0.885643 0.464365 -0.00156557 64.3628 -0.464367 0.885629 -0.00495182 54.1134 -0.000912934 0.00511254 0.999986 0.563455
0.884879 0.46582 -0.00043934 65.0627 -0.465819 0.884873 -0.00359172 53.7518 -0.00128434 0.00338289 0.999993 0.562834
0.882721 0.469897 0.00013975 65.7527 -0.46989 0.882711 -0.00489781 53.3776 -0.00242482 0.00425773 0.999988 0.549305
0.880872 0.473332 0.00463444 66.5308 -0.473338 0.880881 0.000177508 52.9954 -0.00399837 -0.00235002 0.999989 0.572921
0.877791 0.478977 0.00802952 67.2224 -0.478994 0.877818 0.000177529 52.6078 -0.00696343 -0.00400193 0.999968 0.594184
0.874158 0.485591 0.00701485 67.9448 -0.485604 0.874179 0.000143675 52.216 -0.00606246 -0.00353203 0.999975 0.590963
0.870138 0.49274 0.00822002 68.634 -0.492767 0.87016 0.00152836 51.8155 -0.00639964 -0.00538044 0.999965 0.580614
0.864287 0.502946 0.00722012 69.3157 -0.502961 0.864309 0.000146298 51.4562 -0.00616684 -0.00375788 0.999974 0.59467
0.859263 0.51147 0.00810529 70.0015 -0.511484 0.859292 -0.000280199 51.0439 -0.00710812 -0.00390496 0.999967 0.596527
0.853932 0.52027 0.0109369 70.7346 -0.520318 0.85397 0.00193522 50.6363 -0.00833299 -0.00734324 0.999938 0.592983
0.847583 0.530534 0.0117301 71.3581 -0.530585 0.847631 0.00153999 50.2106 -0.00912575 -0.00752907 0.99993 0.596703
0.841724 0.539809 0.0102863 72.0395 -0.539846 0.841763 0.000930888 49.7691 -0.00815613 -0.00633657 0.999947 0.624494
0.835485 0.54942 0.0101206 72.7129 -0.549458 0.835521 0.00111232 49.3629 -0.00784485 -0.00649017 0.999948 0.610015
0.829777 0.558012 0.00968528 73.3134 -0.558052 0.829804 0.00181157 48.9389 -0.00702601 -0.00690808 0.999951 0.599692
0.82383 0.566774 0.00846152 73.9974 -0.5668 0.823855 0.000917791 48.4722 -0.00645089 -0.0055521 0.999964 0.60763
0.818282 0.574773 0.00714645 74.5901 -0.574799 0.818291 0.00236162 48.054 -0.00449048 -0.00604025 0.999972 0.598733
0.812753 0.582558 0.00760635 75.2135 -0.582592 0.812758 0.00329643 47.62 -0.00426176 -0.00711058 0.999966 0.616009
0.807211 0.590219 0.00717863 75.8272 -0.590245 0.807222 0.00193916 47.1934 -0.00465022 -0.00580246 0.999972 0.608222
0.802075 0.597188 0.00648175 76.4384 -0.5972 0.802092 -3.08428e-05 46.7196 -0.00521738 -0.00384617 0.999979 0.625143
0.797621 0.603108 0.00789506 77.0241 -0.603127 0.797645 7.24527e-05 46.2974 -0.00625376 -0.00481951 0.999969 0.629416
0.794257 0.607524 0.00841408 77.6256 -0.607525 0.794296 -0.00267099 45.8489 -0.00830596 -0.00299031 0.999961 0.650631
0.791967 0.610515 0.00778459 78.1823 -0.610489 0.792005 -0.00554028 45.4016 -0.00954785 -0.000364694 0.999954 0.661461
0.790699 0.61217 0.00660523 78.7403 -0.612108 0.79072 -0.00927107 44.9858 -0.0108984 0.00328751 0.999935 0.662113
0.78952 0.613679 0.00755499 79.3108 -0.613613 0.789551 -0.00936917 44.5389 -0.0117147 0.0027613 0.999928 0.660338
0.78868 0.614784 0.00486143 79.8457 -0.614702 0.788669 -0.011963 44.133 -0.0111887 0.00644667 0.999917 0.628121
0.789095 0.614248 0.00539315 80.3916 -0.614194 0.789104 -0.00895756 43.6869 -0.00975792 0.00375593 0.999945 0.635957
0.79147 0.611205 0.00165709 80.8793 -0.611141 0.791421 -0.0126336 43.356 -0.00903319 0.00898641 0.999919 0.626274
0.794422 0.607355 0.00376146 81.3626 -0.607313 0.794419 -0.00837795 42.9866 -0.00807656 0.00437125 0.999958 0.62239
0.798979 0.60135 0.0031701 81.8887 -0.601311 0.798971 -0.00833854 42.6037 -0.00754721 0.0047561 0.99996 0.629631
0.805738 0.592256 0.00429815 82.3564 -0.592221 0.805743 -0.00726507 42.2372 -0.00776599 0.00330829 0.999964 0.631744
0.812869 0.582438 0.00313967 82.8369 -0.582417 0.81287 -0.00574248 41.9331 -0.00589678 0.00283929 0.999979 0.633788
0.822276 0.569087 0.00143456 83.2803 -0.569067 0.822264 -0.00671456 41.6225 -0.00500076 0.00470485 0.999976 0.619148
0.834247 0.551391 -5.74539e-05 83.7508 -0.551384 0.834235 -0.00531387 41.3637 -0.00288209 0.00446476 0.999986 0.636956
0.846477 0.532424 -0.00118269 84.1982 -0.532424 0.846469 -0.00380308 41.0885 -0.00102374 0.00384891 0.999992 0.611867
0.86042 0.509577 -0.00276881 84.6511 -0.509582 0.860421 -0.00132422 40.8735 0.00170755 0.00255032 0.999995 0.621339
0.876094 0.48212 -0.00444474 85.1772 -0.482131 0.876098 -0.00174315 40.6512 0.00305362 0.00367011 0.999989 0.612132
0.893519 0.449017 -0.00276919 85.6545 -0.449022 0.893519 -0.00147738 40.4306 0.00181096 0.0025635 0.999995 0.605571
0.911408 0.411505 0.000414681 86.1581 -0.411502 0.911405 -0.00282765 40.2726 -0.00154153 0.0024065 0.999996 0.609961
0.928975 0.370125 0.00373446 86.6205 -0.370119 0.928982 -0.00212786 40.1031 -0.00425682 0.000594535 0.999991 0.62427
0.945677 0.32503 0.00712487 87.1258 -0.325025 0.945704 -0.001929 39.9953 -0.00736499 -0.000491553 0.999973 0.636086
0.961792 0.273632 0.00906487 87.6637 -0.273643 0.961831 -1.36009e-05 39.8793 -0.0087226 -0.00246746 0.999959 0.616668
0.975412 0.220197 0.00923802 88.1623 -0.220204 0.975454 -0.000291661 39.8101 -0.00907549 -0.00174976 0.999957 0.608545
0.987084 0.160038 0.00725163 88.6551 -0.160031 0.987111 -0.00159868 39.8134 -0.00741401 0.000417551 0.999972 0.617964
0.995386 0.0958459 0.0043916 89.1737 -0.0958402 0.995396 -0.00147386 39.7952 -0.00451264 0.00104617 0.999989 0.631899
0.999593 0.0285187 0.000287296 89.6758 -0.0285173 0.999585 -0.00405826 39.8105 -0.000402913 0.00404842 0.999992 0.632085
0.999164 -0.0405254 -0.00530682 90.1374 0.0405049 0.999172 -0.00392278 39.858 0.0054614 0.00370455 0.999978 0.639512
0.993805 -0.110845 -0.0081056 90.6105 0.110821 0.993835 -0.00332323 39.9476 0.008424 0.00240437 0.999962 0.619348
0.983665 -0.179714 -0.0103385 91.0681 0.17968 0.983716 -0.00412878 40.0627 0.0109121 0.00220371 0.999938 0.616148
0.968903 -0.247282 -0.00890144 91.5187 0.247237 0.968937 -0.00590056 40.2055 0.010084 0.0035163 0.999943 0.624073
0.949719 -0.313055 -0.00549583 91.9588 0.313029 0.94973 -0.00505769 40.3868 0.00680289 0.00308303 0.999972 0.633872
0.926527 -0.376222 -0.00193602 92.3472 0.376212 0.926524 -0.00424783 40.5648 0.0033919 0.00320737 0.999989 0.627053
0.899809 -0.436273 0.00301462 92.7775 0.436279 0.89981 -0.00165596 40.7917 -0.00199013 0.00280526 0.999994 0.629604
0.87007 -0.492866 0.00779159 93.1759 0.492873 0.870101 0.00118935 41.0319 -0.00736566 0.00280545 0.999969 0.632935
0.840678 -0.541415 0.0114285 93.545 0.541404 0.840751 0.00432215 41.3062 -0.0119486 0.0025539 0.999925 0.64339
0.811039 -0.584859 0.0124522 93.9183 0.584797 0.811135 0.00858245 41.5649 -0.0151199 0.000321298 0.999886 0.651546
0.785172 -0.619146 0.0127256 94.2724 0.618954 0.785261 0.0161682 41.832 -0.0200034 -0.00481821 0.999788 0.668713
0.760419 -0.649384 0.00800735 94.6013 0.649202 0.76042 0.0172612 42.162 -0.0172981 -0.00792735 0.999819 0.656752
0.738484 -0.674252 0.00501455 94.9393 0.674096 0.738442 0.0172792 42.4939 -0.0153535 -0.00938011 0.999838 0.626373
0.722473 -0.691372 0.00614225 95.2948 0.691261 0.722478 0.0135879 42.7846 -0.0138319 -0.005571 0.999889 0.622544
0.709557 -0.704594 0.00869755 95.6446 0.704509 0.709609 0.0110557 43.1241 -0.0139616 -0.00171714 0.999901 0.609742
0.700955 -0.713166 0.00748309 95.9899 0.713038 0.700979 0.0143132 43.4855 -0.0154532 -0.00469719 0.999869 0.627859
0.693875 -0.720072 0.0057975 96.3097 0.719927 0.693864 0.0160672 43.8577 -0.0155922 -0.00697483 0.999854 0.614335
0.689837 -0.723965 0.000277432 96.6707 0.723823 0.689709 0.0195333 44.2612 -0.0143327 -0.0132739 0.999809 0.620606
0.688486 -0.725231 -0.00512231 97.0165 0.725175 0.688297 0.0192265 44.6689 -0.010418 -0.0169517 0.999802 0.628439
0.688131 -0.725532 -0.00888423 97.371 0.725545 0.687909 0.0191075 45.063 -0.00775155 -0.0195944 0.999778 0.60513
0.689977 -0.723788 -0.0079406 97.7469 0.723816 0.689848 0.0141384 45.4728 -0.00475541 -0.0155027 0.999869 0.59939
0.692328 -0.721547 -0.00719246 98.1577 0.721583 0.69229 0.00723877 45.881 -0.000243837 -0.0102016 0.999948 0.600333
0.695246 -0.718679 -0.0115105 98.5643 0.718762 0.695231 0.00596257 46.3039 0.00371728 -0.0124188 0.999916 0.610087
0.698837 -0.715082 -0.0168408 98.9487 0.715268 0.698771 0.0104937 46.7051 0.00426402 -0.019379 0.999803 0.605417
0.703366 -0.7106 -0.0179888 99.384 0.710827 0.703178 0.0162851 47.1682 0.00107717 -0.0242413 0.999705 0.585521
0.707008 -0.707096 -0.0124748 99.8299 0.7072 0.70682 0.0165463 47.6191 -0.00288233 -0.0205205 0.999785 0.580696
0.709109 -0.705069 -0.00655399 100.285 0.705058 0.708935 0.0174597 48.0501 -0.00766394 -0.0170018 0.999826 0.57869
0.711702 -0.702474 -0.00331607 100.74 0.702379 0.711509 0.0204704 48.5002 -0.0120205 -0.016898 0.999785 0.579688
0.714171 -0.699971 0.000408975 101.22 0.699844 0.714052 0.0186815 48.9427 -0.0133686 -0.0130556 0.999825 0.56479
0.714078 -0.700064 0.00171724 101.722 0.699992 0.714035 0.0128822 49.4276 -0.0102446 -0.00799687 0.999916 0.56874
0.713818 -0.70033 0.00142804 102.175 0.700319 0.713817 0.00432338 49.8902 -0.00404715 -0.00208602 0.99999 0.581835
0.713804 -0.700338 -0.00318006 102.696 0.700344 0.713805 0.00103486 50.4238 0.00154519 -0.00296582 0.999994 0.596494
0.711513 -0.702639 -0.00692943 103.155 0.702655 0.711531 -0.000213395 50.9027 0.00508044 -0.00471716 0.999976 0.600666
0.709089 -0.705094 -0.00593502 103.671 0.705116 0.709085 0.00316653 51.3983 0.00197573 -0.00643024 0.999977 0.574024
0.707004 -0.707205 -0.00254169 104.177 0.707194 0.706962 0.0089953 51.889 -0.00456464 -0.00815718 0.999956 0.56417
0.705871 -0.70834 0.00077215 104.688 0.708282 0.705826 0.0121101 52.4427 -0.00912306 -0.00800126 0.999926 0.583157
0.704611 -0.709594 -3.25124e-05 105.205 0.709536 0.704553 0.0127581 52.9989 -0.00903013 -0.00901254 0.999919 0.584049
0.703064 -0.711113 -0.00436105 105.747 0.711109 0.702991 0.011266 53.5556 -0.00494565 -0.0110219 0.999927 0.580278
0.700726 -0.713409 -0.00551188 106.267 0.713431 0.700699 0.00611903 54.1274 -0.000503204 -0.00822011 0.999966 0.570086
0.698123 -0.715932 -0.00808198 106.799 0.715974 0.698113 0.00448345 54.6841 0.00243228 -0.00891648 0.999957 0.562689
0.695075 -0.718897 -0.00754555 107.364 0.718935 0.695057 0.00519154 55.245 0.0015124 -0.00903328 0.999958 0.539433
0.692255 -0.721634 -0.00520171 107.933 0.721653 0.692227 0.00626161 55.8143 -0.000917833 -0.00808846 0.999967 0.555734
0.691204 -0.722652 -0.00330701 108.497 0.722655 0.691176 0.00673372 56.3981 -0.00258041 -0.0070442 0.999972 0.570372
0.690075 -0.723732 -0.0029532 109.091 0.723726 0.690034 0.00858832 56.9786 -0.00417784 -0.00806389 0.999959 0.564024
0.688328 -0.725398 0.00129804 109.679 0.725379 0.688321 0.00636898 57.5636 -0.00551351 -0.00344238 0.999979 0.582944
0.688511 -0.725224 0.00153723 110.243 0.725185 0.688493 0.00916363 58.1897 -0.00770406 -0.00519448 0.999957 0.56887
0.688292 -0.725434 0.0004541 110.77 0.72541 0.688275 0.00762732 58.7703 -0.00584566 -0.00492042 0.999971 0.581107
0.689518 -0.724259 -0.0036911 111.358 0.72426 0.689476 0.0083723 59.4278 -0.00351879 -0.00844617 0.999958 0.574812
0.690661 -0.723087 -0.0115208 111.947 0.723173 0.690504 0.0150302 60.0658 -0.00291298 -0.0187122 0.999821 0.564614
0.691739 -0.721981 -0.015501 112.512 0.722139 0.691468 0.0196556 60.6806 -0.00347248 -0.0247904 0.999687 0.563666
0.694401 -0.719417 -0.0157032 113.099 0.719577 0.694103 0.0207099 61.3012 -0.00399944 -0.0256806 0.999662 0.565277
0.696579 -0.717311 -0.0155792 113.71 0.717473 0.696311 0.0195714 61.9457 -0.00319081 -0.0248107 0.999687 0.577367
0.698206 -0.715726 -0.0156488 114.249 0.715895 0.697982 0.0177859 62.51 -0.00180725 -0.0236211 0.999719 0.563967
0.698729 -0.715249 -0.013986 114.898 0.715384 0.698552 0.0158137 63.1398 -0.00154074 -0.0210549 0.999777 0.561151
0.699085 -0.714958 -0.0107145 115.51 0.715037 0.698974 0.0125347 63.7607 -0.00147263 -0.0164241 0.999864 0.569082
0.700229 -0.713872 -0.00820046 116.088 0.713917 0.700159 0.00995339 64.3668 -0.00136381 -0.0128241 0.999917 0.605146
0.700418 -0.713673 -0.00920679 116.702 0.713719 0.700266 0.0152498 64.9825 -0.00443619 -0.0172523 0.999841 0.605425
0.701126 -0.712968 -0.00991725 117.271 0.712999 0.700876 0.0201199 65.6063 -0.00739406 -0.0211775 0.999748 0.61059
0.70209 -0.712027 -0.0093496 117.879 0.712011 0.70176 0.0239305 66.2314 -0.010478 -0.0234584 0.99967 0.608324
0.702632 -0.711423 -0.0136449 118.483 0.711535 0.702346 0.0206998 66.8634 -0.00514288 -0.0242532 0.999693 0.582355
0.703396 -0.710631 -0.0154348 119.052 0.710775 0.703382 0.00723833 67.4395 0.00571275 -0.0160621 0.999855 0.563986
0.702868 -0.711107 -0.017427 119.643 0.711196 0.702992 -0.00149154 68.0206 0.0133117 -0.0113457 0.999847 0.605951
0.702276 -0.711767 -0.0140081 120.252 0.711873 0.702295 0.00437268 68.6337 0.0067255 -0.0130428 0.999892 0.632967
0.701779 -0.712392 -0.00201407 120.824 0.712333 0.701677 0.0152085 69.2466 -0.00942119 -0.0121077 0.999882 0.617171
0.700264 -0.713749 0.0138447 121.449 0.713315 0.700349 0.0263417 69.8728 -0.0284975 -0.00857057 0.999557 0.586487
0.699801 -0.714271 0.00978946 122.072 0.713944 0.699805 0.0236005 70.4905 -0.0237079 -0.00952653 0.999673 0.587012
0.699455 -0.71466 -0.00488264 122.601 0.714638 0.699331 0.0151189 71.0655 -0.00739032 -0.0140644 0.999874 0.602606
0.698591 -0.715428 -0.0115811 123.143 0.715521 0.698518 0.0101493 71.6472 0.000828527 -0.0153767 0.999881 0.572642
0.696927 -0.717023 -0.0130732 123.755 0.717139 0.696864 0.00964226 72.2558 0.00219653 -0.0160953 0.999868 0.610469
0.69486 -0.719075 -0.0100527 124.288 0.719145 0.694782 0.0103931 72.8264 -0.000488973 -0.014451 0.999895 0.597143
0.692974 -0.720916 -0.00818259 124.855 0.720962 0.692935 0.00735052 73.4642 0.000370895 -0.0109931 0.99994 0.602527
0.688912 -0.724782 -0.00952626 125.437 0.724841 0.688893 0.00567303 74.0783 0.00245086 -0.0108132 0.999939 0.620464
0.685985 -0.727511 -0.0123056 125.951 0.727613 0.68593 0.00891502 74.6242 0.00195498 -0.0150693 0.999885 0.627146
0.684461 -0.728902 -0.0146514 126.53 0.729046 0.684379 0.0108392 75.2522 0.0021264 -0.0181006 0.999834 0.63661
0.683393 -0.729916 -0.0139846 127.096 0.73005 0.68328 0.0124708 75.8604 0.000452792 -0.0187319 0.999824 0.648732
0.682296 -0.730991 -0.0111372 127.625 0.73107 0.682149 0.0144903 76.4708 -0.00299508 -0.0180287 0.999833 0.64834
0.681557 -0.731707 -0.00920655 128.189 0.731754 0.681423 0.0141189 77.069 -0.00405738 -0.0163598 0.999858 0.659124
0.679185 -0.733923 -0.00808269 128.724 0.733966 0.679127 0.0089638 77.6594 -0.00108956 -0.0120205 0.999927 0.674645
0.676371 -0.736517 -0.00806076 129.295 0.736556 0.676365 0.00383879 78.2707 0.00262468 -0.00853365 0.99996 0.671727
0.671417 -0.741032 -0.00836452 129.829 0.741069 0.671425 0.00231575 78.8643 0.0039001 -0.00775352 0.999962 0.691095
0.666027 -0.745897 -0.00675593 130.349 0.745927 0.665986 0.00744763 79.4611 -0.00105582 -0.00999975 0.999949 0.663156
0.66155 -0.749899 -0.00186172 130.877 0.749859 0.661483 0.0123258 80.0537 -0.00801162 -0.00955017 0.999922 0.697378
0.657976 -0.753025 0.00446786 131.395 0.752812 0.657912 0.020616 80.6462 -0.0184638 -0.0102014 0.999777 0.681326
0.65561 -0.755081 0.0052718 131.945 0.754796 0.655529 0.023771 81.2852 -0.0214049 -0.0116054 0.999704 0.692589
0.651987 -0.75823 -0.000469534 132.495 0.758081 0.651847 0.0202119 81.8975 -0.0150192 -0.0135338 0.999796 0.661189
0.646021 -0.763317 -0.00193945 132.972 0.763278 0.645958 0.0120502 82.4858 -0.00794534 -0.00926504 0.999925 0.692645
0.641232 -0.767327 -0.00552857 133.517 0.767346 0.641201 0.00642849 83.1454 -0.00138782 -0.00836448 0.999964 0.667043
0.636275 -0.771431 -0.00686226 134.016 0.77146 0.636228 0.00795114 83.6982 -0.00176779 -0.0103531 0.999945 0.646833
0.631141 -0.775581 -0.0116669 134.495 0.77566 0.630991 0.0142161 84.3812 -0.003664 -0.0180219 0.999831 0.644679
0.624156 -0.781142 -0.015708 135.038 0.781297 0.623971 0.0153535 85.037 -0.00219194 -0.0218555 0.999759 0.628735
0.616735 -0.786939 -0.0190968 135.518 0.78717 0.616587 0.0135695 85.6856 0.00109649 -0.0234012 0.999726 0.652827
0.609673 -0.792377 -0.020907 136.016 0.792646 0.609565 0.011947 86.3429 0.00327762 -0.0238556 0.99971 0.650308
0.60308 -0.797427 -0.0201299 136.495 0.797679 0.602937 0.0132484 87.0091 0.00157244 -0.024047 0.99971 0.652529
0.597348 -0.801718 -0.0205947 136.996 0.801979 0.597067 0.0184893 87.6841 -0.00252679 -0.0275611 0.999617 0.635568
0.590705 -0.806649 -0.0196083 137.491 0.80684 0.590232 0.0252104 88.3577 -0.00876248 -0.0307127 0.99949 0.64005
0.584184 -0.811423 -0.0179612 137.972 0.811513 0.5836 0.0292945 89.055 -0.0132881 -0.0316891 0.999409 0.633342
0.58042 -0.81411 -0.0183585 138.451 0.814198 0.579802 0.0301783 89.7541 -0.0139242 -0.0324636 0.999376 0.638044
0.576317 -0.817047 -0.0171423 138.924 0.817104 0.575741 0.0293827 90.3949 -0.0141375 -0.0309408 0.999421 0.639364
0.571593 -0.820241 -0.0220654 139.402 0.820489 0.571062 0.0261863 91.1048 -0.00887835 -0.0330724 0.999413 0.6412
0.569042 -0.821807 -0.0287116 139.837 0.822301 0.568546 0.0240077 91.7666 -0.00340581 -0.0372709 0.999299 0.65088
0.566075 -0.823804 -0.0300986 140.281 0.824353 0.565653 0.0218894 92.4528 -0.00100721 -0.0372029 0.999307 0.628742
0.563824 -0.825292 -0.0315465 140.757 0.82588 0.563171 0.027583 93.1223 -0.00499792 -0.0416056 0.999122 0.637838
0.56175 -0.826815 -0.0285459 141.226 0.827198 0.560782 0.0355869 93.8206 -0.0134157 -0.0436041 0.998959 0.632978
0.559044 -0.828726 -0.0261336 141.701 0.828842 0.557724 0.0443347 94.5434 -0.022166 -0.0464456 0.998675 0.621032
0.555146 -0.831499 -0.0205585 142.157 0.831514 0.554224 0.0377018 95.2003 -0.019955 -0.0380246 0.999078 0.61842
0.551071 -0.834355 -0.0130997 142.598 0.83438 0.550737 0.0223157 95.8523 -0.0114047 -0.0232277 0.999665 0.646499
0.545486 -0.837969 -0.0159277 143.035 0.838105 0.545265 0.0162976 96.5348 -0.00497201 -0.0222392 0.99974 0.614738
0.540115 -0.841244 -0.0241944 143.458 0.841572 0.539685 0.0222749 97.1986 -0.00568123 -0.0323923 0.999459 0.609342
0.53349 -0.845542 -0.0211299 143.899 0.845723 0.532919 0.0273787 97.9037 -0.0118894 -0.0324763 0.999402 0.598063
0.526726 -0.84993 -0.0133676 144.337 0.849891 0.526281 0.0267139 98.6235 -0.0156698 -0.0254319 0.999554 0.599745
0.520852 -0.853624 -0.00622093 144.772 0.853449 0.520561 0.0253034 99.3547 -0.0183612 -0.0184886 0.99966 0.589131
0.516163 -0.856482 0.00367727 145.216 0.856276 0.516125 0.0201717 100.099 -0.0191747 -0.00726314 0.99979 0.576791
0.511005 -0.859518 0.0100949 145.648 0.859467 0.511092 0.0100552 100.79 -0.0138021 0.00353792 0.999898 0.614218
0.505356 -0.8629 0.00424584 146.09 0.862899 0.505369 0.00281054 101.505 -0.00457093 0.00224341 0.999987 0.593513
0.499074 -0.866543 0.005374 146.528 0.866559 0.499064 -0.0031382 102.218 3.74168e-05 0.00622308 0.999981 0.575181
0.493177 -0.869921 0.00366013 146.921 0.869912 0.493189 0.00418309 102.95 -0.00544409 0.00112099 0.999985 0.602156
0.488568 -0.872522 0.00256911 147.371 0.872365 0.488532 0.0177942 103.718 -0.016781 -0.00645249 0.999838 0.572763
0.484105 -0.874973 0.0080598 147.776 0.874671 0.484153 0.023389 104.499 -0.0243669 -0.00427305 0.999694 0.568199
0.480217 -0.877068 0.011978 148.146 0.876848 0.480365 0.0196453 105.234 -0.0229841 0.00106888 0.999735 0.548624
0.478966 -0.877804 0.00725207 148.556 0.877721 0.47902 0.0120609 105.974 -0.014061 0.000588531 0.999901 0.578132
0.477253 -0.878754 -0.00458844 148.93 0.878757 0.477218 0.00704457 106.711 -0.00400076 -0.00739416 0.999965 0.567991
0.475468 -0.879634 -0.0131638 149.323 0.879732 0.475394 0.00849727 107.456 -0.00121649 -0.0156208 0.999877 0.573816
0.473669 -0.880656 -0.00911739 149.734 0.880694 0.473591 0.00945768 108.215 -0.00401105 -0.0125094 0.999914 0.558504
0.473061 -0.88102 -0.00400915 150.124 0.880959 0.472961 0.0147638 108.961 -0.011111 -0.0105161 0.999883 0.555988
0.472475 -0.881344 -0.000132648 150.498 0.881157 0.472371 0.0206703 109.71 -0.018155 -0.00988307 0.999786 0.531142
0.470919 -0.882169 0.00369444 150.967 0.882004 0.470906 0.0177973 110.505 -0.0174399 -0.00512257 0.999835 0.529518
0.469701 -0.882821 0.00277987 151.311 0.882784 0.469707 0.0082319 111.23 -0.00857302 -0.00141251 0.999962 0.53634
0.467715 -0.883844 0.00795051 151.722 0.883879 0.467697 -0.0040832 111.939 -0.000109521 0.00893707 0.99996 0.541074
0.466797 -0.88434 0.00661334 152.116 0.884357 0.46675 -0.00758516 112.691 0.00362108 0.00938929 0.999949 0.547394
0.464714 -0.88546 -0.00139231 152.471 0.88546 0.464715 -0.00050445 113.436 0.0010937 -0.000998407 0.999999 0.553575
0.463017 -0.886346 0.00265774 152.879 0.886309 0.463022 0.00814703 114.232 -0.00845168 -0.00141664 0.999963 0.554732
0.462881 -0.886371 0.00941397 153.305 0.886343 0.462954 0.0082845 115.013 -0.0117014 0.00450928 0.999921 0.557972
0.461833 -0.886924 0.00869421 153.706 0.886923 0.461885 0.00537721 115.799 -0.00878491 0.00522773 0.999948 0.565057
0.462006 -0.886866 0.00441231 154.052 0.88687 0.462016 0.00164188 116.514 -0.00349469 0.00315459 0.999989 0.571022
0.461176 -0.887308 -0.000302538 154.407 0.887303 0.461172 0.0036085 117.247 -0.00306233 -0.0019326 0.999993 0.574672
0.461044 -0.887361 -0.0053314 154.842 0.887357 0.460984 0.00955235 118.012 -0.00601869 -0.00913491 0.99994 0.572894
0.459836 -0.887995 -0.00397267 155.193 0.887957 0.459761 0.012352 118.778 -0.009142 -0.00920744 0.999916 0.583707
0.45961 -0.888107 -0.00499405 155.572 0.888054 0.459498 0.0149022 119.52 -0.01094 -0.0112842 0.999876 0.588725
0.459503 -0.888114 -0.0105612 155.958 0.888104 0.45928 0.0182653 120.253 -0.0113711 -0.0177724 0.999777 0.582821
0.458862 -0.888453 -0.00988578 156.33 0.888476 0.458723 0.0135708 120.953 -0.00752219 -0.0150104 0.999859 0.597556
0.458088 -0.888844 -0.0105998 156.678 0.888902 0.458012 0.00890995 121.725 -0.00306472 -0.0135037 0.999904 0.592695
0.456106 -0.889753 -0.0175073 157.059 0.889912 0.455905 0.0143936 122.418 -0.00482512 -0.022145 0.999743 0.599066
0.454034 -0.890863 -0.0146941 157.396 0.890892 0.453688 0.0218698 123.138 -0.0128164 -0.0230205 0.999653 0.577085
0.453021 -0.891492 -0.00385656 157.75 0.891246 0.452784 0.0258357 123.896 -0.0212861 -0.0151412 0.999659 0.594635
0.452088 -0.891956 0.00551951 158.15 0.891697 0.452093 0.0221016 124.587 -0.022209 -0.00507012 0.99974 0.582898
0.451053 -0.892478 0.00588095 158.46 0.892318 0.451085 0.017055 125.259 -0.017874 -0.00244505 0.999837 0.59726
0.452001 -0.892015 0.00204817 158.806 0.891936 0.45199 0.0124324 125.855 -0.0120156 -0.00379262 0.999921 0.581592
0.452985 -0.891518 0.000391571 159.142 0.891491 0.452975 0.00759681 126.582 -0.00695006 -0.00309216 0.999971 0.61127
0.453306 -0.891352 0.00236401 159.466 0.891352 0.45331 0.00143066 127.22 -0.00234685 0.00145863 0.999996 0.591231
0.455508 -0.89023 0.00144463 159.73 0.890231 0.455506 -0.00186968 127.771 0.0010064 0.00213771 0.999997 0.595956
0.460071 -0.887878 0.00261932 160.045 0.887881 0.460064 -0.00291421 128.352 0.00138241 0.00366638 0.999992 0.622098
0.465336 -0.885124 0.00426476 160.347 0.885128 0.465345 0.00150962 128.994 -0.00332078 0.00307238 0.99999 0.644653
0.470215 -0.882539 0.00483383 160.698 0.882477 0.470239 0.0104142 129.641 -0.011464 -0.000631168 0.999934 0.643235
0.475486 -0.879709 0.00491537 160.962 0.879574 0.475501 0.0157507 130.208 -0.0161933 -0.0031658 0.999864 0.644088
0.480613 -0.876929 0.0026156 161.306 0.876816 0.480595 0.0149188 130.819 -0.0143398 -0.00487678 0.999885 0.613187
0.487963 -0.872864 -0.000136701 161.59 0.872841 0.487949 0.00740918 131.347 -0.0064005 -0.00373473 0.999973 0.615742
0.493992 -0.869453 -0.00488383 161.937 0.869465 0.493995 0.000765443 131.964 0.00174707 -0.00462444 0.999988 0.611905
0.500698 -0.865549 -0.0112569 162.238 0.865604 0.500728 0.000177936 132.507 0.00548261 -0.00983307 0.999937 0.627769
